Anime_ID|Master-piece|Excellent|Very good|Good|Decent|So-so|Not really good|Weak|Bad|Awful|Worst ever
11770|0.570695287|0.25314979|0.0963602427|0.0405972935|0.0093327112|0.0097993467|0.0039664022|0.0048996734|0.0032664489|0.0018665422|0.0060662622
10216|0.5080273113|0.3020852556|0.1083225687|0.0405978963|0.0142092637|0.0081195793|0.0044288614|0.0036907178|0.0020298948|0.0020298948|0.0064587562
9701|0.6241570805|0.1743355811|0.0807219357|0.0448234827|0.0172550575|0.0097183657|0.0055533518|0.0095200317|0.0029750099|0.0045616819|0.0263784213
210|0.5402281369|0.2203802281|0.1111787072|0.0580988593|0.0205323194|0.0126235741|0.006539924|0.0057794677|0.0022813688|0.0038022814|0.0185551331
9173|0.5381694383|0.2401466544|0.1135262538|0.0505434071|0.0225219327|0.0070708393|0.0074636637|0.0049757758|0.0040591855|0.0020950635|0.0094277858
377|0.4608881547|0.2815081139|0.1390535419|0.0695753571|0.022738315|0.0107861238|0.0034982023|0.0037897192|0.0016519289|0.0014575843|0.0050529589
15895|0.415|0.3375|0.14|0.0575|0.0125|0.01|0|0|0|0|0.0275
13|0.4605042017|0.2907563025|0.1256302521|0.0648739496|0.0216806723|0.0144537815|0.0058823529|0.0067226891|0.0021008403|0.0021008403|0.0052941176
11120|0.4647147147|0.2822822823|0.1347597598|0.0619369369|0.0187687688|0.0063813814|0.0037537538|0.0052552553|0.0063813814|0.006006006|0.0097597598
197|0.4335482529|0.2936772047|0.1462146423|0.0761231281|0.0245424293|0.0134151414|0.0038477537|0.0042637271|0.0014559068|0.0005199667|0.0023918469
1786|0.5852534562|0.153609831|0.0798771121|0.0721966206|0.024577573|0.0184331797|0.0138248848|0.0107526882|0.0076804916|0.0092165899|0.024577573
6592|0.4457247298|0.2824221233|0.1404164018|0.0684202161|0.0255880483|0.013747616|0.0054036872|0.007151939|0.0026223776|0.0021455817|0.0063572791
5923|0.46692607|0.2531230801|0.1269711243|0.0724964161|0.0260086013|0.0237558878|0.0047102191|0.009010854|0.0036862584|0.0047102191|0.0086012697
15223|0.4497607656|0.2535885167|0.1244019139|0.0717703349|0.028708134|0.014354067|0.009569378|0.014354067|0|0|0.033492823
12368|0.4389110226|0.2579681275|0.1663346614|0.0753652058|0.0278884462|0.0126162019|0.0046480744|0.0046480744|0.0026560425|0.0026560425|0.0063081009
6113|0.4485190409|0.221438646|0.1875881523|0.0874471086|0.0296191819|0.0084626234|0|0|0.0028208745|0|0.0141043724
12835|0.4973262032|0.2299465241|0.1203208556|0.0695187166|0.0240641711|0.0160427807|0.0106951872|0.0080213904|0.0053475936|0.0053475936|0.013368984
6704|0.4195466786|0.3150807899|0.1456463196|0.0603680431|0.0236759425|0.0112208259|0.0057226212|0.006508079|0.0033662478|0.0024685817|0.0063958707
12398|0.2736466389|0.4063057704|0.2189173111|0.0773349197|0.0178465199|0.004164188|0.001784652|0|0|0|0
8421|0.3804020101|0.3311557789|0.1512562814|0.0804020101|0.0231155779|0.0105527638|0.0085427136|0.0045226131|0.0020100503|0.0010050251|0.0070351759
9210|0.4343434343|0.2505050505|0.1616161616|0.0888888889|0.0323232323|0.0080808081|0.004040404|0.004040404|0|0|0.0161616162
3750|0.4702558001|0.248364069|0.1264128495|0.0642474717|0.0226055919|0.0276621059|0.010113028|0.0139797739|0.004759072|0.004759072|0.006841166
10580|0.3338414634|0.368902439|0.1692073171|0.0914634146|0.0213414634|0.0076219512|0|0.0045731707|0.0030487805|0|0
10544|0.3574938575|0.3135749386|0.1855036855|0.0881449631|0.0304054054|0.0104422604|0.0076781327|0.0058353808|0.0009213759|0|0
152|0.4623799955|0.2221478008|0.1393168118|0.0814914043|0.0352757312|0.0227729404|0.0098236213|0.0100468855|0.0064746595|0.0026791695|0.0075909801
8495|0.2982806877|0.3794482207|0.1963214714|0.0779688125|0.0219912035|0.0131947221|0.0027988804|0.0027988804|0.0035985606|0.0015993603|0.0019992003
6696|0.4634364384|0.225281602|0.1294475237|0.0883246916|0.0328982657|0.0259252637|0.009118541|0.0132308242|0.0044698731|0.0033971035|0.0044698731
1139|0.3679245283|0.3044025157|0.1880503145|0.0830188679|0.0176100629|0.0132075472|0.0081761006|0.0106918239|0.0025157233|0.0031446541|0.0012578616
2960|0.3485878266|0.3339374717|0.1765594321|0.07951971|0.0266576046|0.0124603534|0.0065700045|0.0058148316|0.0027941399|0.0021900015|0.0049086241
6733|0.2907538062|0.3759747494|0.19494987|0.0859636094|0.023950984|0.0096546602|0.0042703305|0.0051986632|0.0040846639|0.0016709989|0.0035276643
7010|0.3097605893|0.3543278085|0.1959484346|0.0810313076|0.0250460405|0.0121546961|0.0044198895|0.0062615101|0.002946593|0.0025782689|0.0055248619
14996|0.427480916|0.2519083969|0.213740458|0.0763358779|0.0305343511|0|0|0|0|0|0
13776|0.3162055336|0.347826087|0.1818181818|0.1185770751|0.0197628458|0.0079051383|0|0.0079051383|0|0|0
180|0.353121175|0.298245614|0.1780905753|0.1005711954|0.0320277438|0.015503876|0.0079559364|0.0069359445|0.0030599755|0.0004079967|0.0040799674
6698|0.4184638109|0.2790251108|0.146971935|0.0759231905|0.0283604136|0.017577548|0.011521418|0.0085672083|0.0053175775|0.0020679468|0.0062038405
13262|0.3608247423|0.3221649485|0.1778350515|0.0708762887|0.0283505155|0.0154639175|0.0038659794|0.0090206186|0.0025773196|0.0025773196|0.006443299
13862|0.3112033195|0.3236514523|0.2012448133|0.1151452282|0.0300829876|0.0093360996|0.0041493776|0.0031120332|0|0|0.0020746888
7492|0.2917077986|0.3775913129|0.1875616979|0.0807008885|0.0288746298|0.0175222113|0.0049358342|0.0076505429|0.0012339585|0.0012339585|0.0009871668
534|0.3476813845|0.2924339916|0.1848236077|0.1036165964|0.0328378079|0.0179720435|0.0077656978|0.008431329|0.0008875083|0.0008875083|0.002662525
13600|0.248046875|0.40234375|0.216796875|0.09765625|0.021484375|0.009765625|0|0|0|0|0.00390625
6440|0.3736372646|0.2730426165|0.1803766105|0.0852329039|0.032210109|0.014370664|0.0089197225|0.0118929633|0.0019821606|0.0029732408|0.0153617443
6431|0.396484375|0.2776227679|0.1556919643|0.0811941964|0.0357142857|0.0203683036|0.0075334821|0.0089285714|0.0053013393|0.00390625|0.0072544643
1965|0.3369692248|0.3100895988|0.1706271913|0.0938839112|0.034670822|0.0264900662|0.0097389949|0.0089598753|0.0042851578|0.0015582392|0.0027269186
7998|0.2587312901|0.3749109052|0.2188168211|0.1019244476|0.0249465431|0.0092658589|0.0035637919|0.0035637919|0|0.0014255167|0.0028510335
153|0.3141335915|0.337124879|0.1928848015|0.0907550823|0.0343659245|0.0133107454|0.0065343659|0.0048402711|0.0033881897|0.0009680542|0.0016940949
10387|0.3222060958|0.3047895501|0.2220609579|0.0899854862|0.0348330914|0.0116110305|0|0.0043541364|0|0|0.0101596517
10254|0.2373968836|0.3987167736|0.2218148488|0.0971585701|0.0247479377|0.0109990834|0.0018331806|0.0045829514|0|0|0.0027497709
12120|0.3810532688|0.2705811138|0.1570823245|0.1080508475|0.0363196126|0.0178571429|0.0072639225|0.0060532688|0.0066585956|0.0030266344|0.0060532688
11350|0.2596314908|0.3718592965|0.2110552764|0.1055276382|0.0368509213|0.0150753769|0|0|0|0|0
889|0.3050617656|0.3290147635|0.1916239831|0.1037963242|0.0358541729|0.0183790298|0.0061765592|0.0045194336|0.0022597168|0.0009038867|0.0024103646
15054|0.2428057554|0.3902877698|0.226618705|0.0917266187|0.0215827338|0.0161870504|0.0035971223|0.0035971223|0|0|0.0035971223
15745|0.2865168539|0.3146067416|0.2584269663|0.095505618|0.0337078652|0|0|0.0112359551|0|0|0
16644|0.4428571429|0.2428571429|0.1428571429|0.0571428571|0.0285714286|0.0571428571|0|0|0|0|0.0285714286
13944|0.227154047|0.3907745866|0.2497824195|0.0844212359|0.0269799826|0.0095735422|0.0060922541|0.0052219321|0|0|0
374|0.3366681166|0.2892561983|0.1809482384|0.1078729883|0.041322314|0.019138756|0.0069595476|0.0086994345|0.0043497173|0.0021748586|0.0026098304
7890|0.3354755784|0.2853470437|0.1953727506|0.1015424165|0.0385604113|0.0218508997|0.0038560411|0.0025706941|0.0025706941|0.0051413882|0.0077120823
12542|0.2111292962|0.4026186579|0.2422258592|0.0998363339|0.031096563|0.0098199673|0|0.0032733224|0|0|0
1805|0.3162227603|0.3346246973|0.1878934625|0.0837772397|0.0397094431|0.0111380145|0.0101694915|0.0092009685|0.0033898305|0.001937046|0.001937046
6430|0.3593361821|0.295438736|0.1685382093|0.0846666004|0.0350790023|0.0197754149|0.0087449071|0.0077511676|0.0049686972|0.0049686972|0.010732386
7809|0.3547697368|0.3049342105|0.16875|0.0883223684|0.0351973684|0.01875|0.0070723684|0.0106907895|0.0039473684|0.0019736842|0.0055921053
4194|0.3523501973|0.2816648726|0.1768927162|0.0836024399|0.0358808755|0.0258342304|0.0075349839|0.0111230714|0.0064585576|0.0068173663|0.0118406889
6115|0.3096192385|0.3396793587|0.1778557114|0.0871743487|0.0360721443|0.0200400802|0.0115230461|0.0075150301|0.00501002|0.002004008|0.003507014
2654|0.2589134126|0.3650254669|0.2071307301|0.1022920204|0.0288624788|0.0174023769|0.0067911715|0.0084889643|0.0016977929|0.0016977929|0.0016977929
10291|0.3554376658|0.2546419098|0.1962864721|0.1034482759|0.0530503979|0.0185676393|0.0106100796|0.0079575597|0|0|0
6300|0.2782310004|0.3507943323|0.1893516531|0.1034778875|0.0429368828|0.0145985401|0.0064405324|0.0068699012|0.0042936883|0.0017174753|0.0012881065
847|0.2669025157|0.3132861635|0.2275943396|0.123427673|0.0338050314|0.0188679245|0.0051100629|0.0047169811|0.0023584906|0.001572327|0.0023584906
481|0.2410094637|0.3457413249|0.229022082|0.1169295478|0.0414300736|0.0140904311|0.0052576236|0.0042060988|0.0014721346|0.0004206099|0.0004206099
10576|0.3520179372|0.2399103139|0.2174887892|0.1053811659|0.0515695067|0.0179372197|0.0044843049|0.0067264574|0.0044843049|0|0
10885|0.3109371603|0.3105022831|0.1987388563|0.1024135682|0.0410958904|0.0160904544|0.0080452272|0.0076103501|0.0023918243|0|0.0021743857
6122|0.2482946794|0.3666818251|0.2226769744|0.0944368652|0.0318326512|0.0125814764|0.005760194|0.0083371229|0.0025769289|0.0022737608|0.0045475216
2636|0.2123472669|0.4016720257|0.2199356913|0.1005787781|0.0325401929|0.0189067524|0.0050160772|0.0046302251|0.0012861736|0.0011575563|0.0019292605
10128|0.3525480368|0.2598162072|0.1946532999|0.1102756892|0.030075188|0.0258980785|0.0116959064|0.0100250627|0.0016708438|0.0016708438|0.0016708438
910|0.25|0.3693764799|0.2006708761|0.0966850829|0.0327545383|0.0270323599|0.0071033938|0.0076953433|0.0025651144|0.0031570639|0.0029597474
16660|0.1916666667|0.3666666667|0.2833333333|0.1416666667|0.0166666667|0|0|0|0|0|0
8192|0.3738124742|0.2523750516|0.1780256093|0.09748038|0.0413052458|0.0239570425|0.0103263114|0.0115654688|0.0049566295|0.0020652623|0.0041305246
6634|0.2241093621|0.3645401823|0.229908865|0.1085335543|0.0381110191|0.0190555095|0.0053852527|0.0045567523|0.0024855012|0.0008285004|0.0024855012
8657|0.3412797992|0.2296110414|0.1907151819|0.1706398996|0.0225846926|0.0163111669|0.0037641154|0.0125470514|0.0062735257|0.0025094103|0.0037641154
10269|0.2080188679|0.3849056604|0.2386792453|0.1155660377|0.0320754717|0.0122641509|0.0056603774|0.0018867925|0|0|0.0009433962
16108|0.3490870032|0.2470461869|0.1697099893|0.1256713212|0.0504833512|0.0290010741|0.0128893663|0.0042964554|0.0064446831|0.0021482277|0.0032223416
17219|0.3488372093|0.3255813953|0.1627906977|0.0697674419|0|0|0|0|0|0|0.0930232558
6357|0.2369398366|0.3580094083|0.2280267393|0.1076999257|0.0373854915|0.013864818|0.0061896509|0.0079227532|0.0014855162|0.0012379302|0.0012379302
6832|0.1771599891|0.4074679749|0.2496593077|0.1092940856|0.0258926138|0.0098119379|0.0062687381|0.003270646|0.0024529845|0.0019078768|0.0068138457
4975|0.3501048218|0.2739343117|0.1607267645|0.1030747729|0.034241789|0.0335429769|0.0094339623|0.0157232704|0.0052410901|0.0034940601|0.0104821803
12991|0.2071129707|0.3817991632|0.2458158996|0.10041841|0.0313807531|0.0167364017|0.0062761506|0.0052301255|0.0031380753|0|0.0020920502
2340|0.1972789116|0.3565759637|0.2715419501|0.123015873|0.0311791383|0.0141723356|0.003968254|0.0022675737|0|0|0
1135|0.2749287749|0.3326210826|0.2136752137|0.1203703704|0.0356125356|0.0071225071|0.0092592593|0.0014245014|0.0028490028|0|0.0021367521
1865|0.3652694611|0.2335329341|0.2035928144|0.0718562874|0.0598802395|0.0119760479|0.0119760479|0|0|0|0.0419161677
7087|0.3179663938|0.3093494184|0.1693235674|0.0986643688|0.0439465748|0.0241275312|0.0133563119|0.0133563119|0.0068935804|0.0012925463|0.0017233951
14976|0.2807881773|0.3054187192|0.1921182266|0.1280788177|0.0492610837|0.0246305419|0.0098522167|0.0098522167|0|0|0
14995|0.2551546392|0.324742268|0.2100515464|0.1262886598|0.0528350515|0.0128865979|0.0077319588|0.0103092784|0|0|0
1871|0.3455132985|0.2590106885|0.1792194879|0.1039025603|0.0442455879|0.0338056177|0.0099428287|0.0151628138|0.0032314193|0.0027342779|0.0032314193
4115|0.2813370474|0.348189415|0.1922005571|0.0947075209|0.0417827298|0.0194986072|0.0111420613|0.0111420613|0|0|0
10050|0.2471009909|0.3641155387|0.2011385199|0.0976175416|0.0487033523|0.0219270504|0.008855155|0.0044275775|0.0029517183|0.0010541851|0.0021083702
10806|0.348773842|0.2697547684|0.1771117166|0.1117166213|0.0272479564|0.029972752|0.0081743869|0.0136239782|0.0081743869|0|0.0054495913
353|0.1855861952|0.3737100321|0.2537641685|0.1255286754|0.0368803925|0.013534089|0.0043985789|0.0033835222|0.0013534089|0.0003383522|0.001522585
8420|0.2255608974|0.3493589744|0.2319711538|0.125|0.0360576923|0.0128205128|0.0064102564|0.0048076923|0.0028044872|0.0012019231|0.0040064103
840|0.317960255|0.2872140982|0.1867266592|0.1034870641|0.0374953131|0.0273715786|0.0101237345|0.0157480315|0.0059992501|0.0014998125|0.0063742032
2018|0.1914893617|0.3539651838|0.2669245648|0.1199226306|0.0352998066|0.0130560928|0.003384913|0.0048355899|0.002417795|0.002417795|0.0062862669
376|0.3781512605|0.2285714286|0.1647058824|0.1042016807|0.0537815126|0.0386554622|0.0100840336|0.0117647059|0.0050420168|0|0.0050420168
10765|0.2568|0.3432|0.208|0.1032|0.0432|0.0136|0.0088|0.012|0.0048|0.0024|0.004
5114|0.2601404056|0.3393135725|0.2086583463|0.0971138846|0.0378315133|0.0237909516|0.0089703588|0.00975039|0.0081903276|0.0031201248|0.0031201248
8292|0.2693947144|0.3111679454|0.2284739983|0.1150895141|0.0366581415|0.010230179|0.0093776641|0.0068201194|0.0034100597|0.0025575448|0.0068201194
10654|0.2551319648|0.2873900293|0.2609970674|0.1143695015|0.0586510264|0.0234604106|0|0|0|0|0
4449|0.1891781937|0.3805939788|0.2497965826|0.1157445077|0.0345809601|0.0124084622|0.0054922701|0.0030512612|0.0026444264|0.0006102522|0.005899105
10625|0.1996357013|0.3581056466|0.2692167577|0.1096539162|0.0342440801|0.018579235|0.0043715847|0.004007286|0|0.0014571949|0.0007285974
1134|0.3213101161|0.3038971808|0.1932006633|0.0986733002|0.0339966833|0.0215588723|0.0074626866|0.0099502488|0.0049751244|0.0020729685|0.0029021559
4404|0.2461082283|0.3495181616|0.2123795404|0.1015567087|0.0418828762|0.0200148258|0.0059303188|0.0092661231|0.0059303188|0.0025945145|0.004818384
14122|0.2532281205|0.3271162123|0.2094691535|0.1205164993|0.0459110473|0.0136298422|0.0100430416|0.0071736011|0.0014347202|0.0050215208|0.006456241
6278|0.2335550628|0.3362897265|0.2387287509|0.1130820399|0.0273466371|0.0303030303|0.0059127864|0.0066518847|0.0022172949|0.0029563932|0.0029563932
12543|0.1922365989|0.3475046211|0.258780037|0.134935305|0.0425138632|0.0129390018|0.0036968577|0.0073937153|0|0|0
12311|0.1663974152|0.3602584814|0.3247172859|0.0953150242|0.0371567044|0.0096930533|0|0.0064620355|0|0|0
17020|0.2272727273|0.4545454545|0.2045454545|0.0681818182|0.0454545455|0|0|0|0|0|0
9859|0.1492890995|0.3981042654|0.2701421801|0.1334913112|0.0331753555|0.0102685624|0.0039494471|0.0015797788|0|0|0
16189|0.182464455|0.3767772512|0.2132701422|0.1587677725|0.0236966825|0.0142180095|0.0071090047|0.0118483412|0.0071090047|0|0.0047393365
9419|0.2090053763|0.3541666667|0.2392473118|0.122311828|0.0423387097|0.0228494624|0.0047043011|0.002688172|0|0|0.002688172
14669|0.513368984|0.2406417112|0.1069518717|0.0695187166|0.0160427807|0|0.0106951872|0.0106951872|0|0|0.0320855615
328|0.3005038937|0.2986715529|0.1928538708|0.1124599175|0.0368758589|0.0194686212|0.0121392579|0.0128263857|0.005726065|0.0032065964|0.0052679798
2066|0.328125|0.265625|0.203125|0.0859375|0.0390625|0.0390625|0|0.015625|0|0|0.0234375
15852|0.2061068702|0.3854961832|0.2328244275|0.0801526718|0.0419847328|0.0114503817|0.0076335878|0.0190839695|0|0|0.0152671756
915|0.4166666667|0.1666666667|0.2291666667|0.1041666667|0.0416666667|0|0|0|0|0|0.0416666667
9178|0.3036912752|0.2902684564|0.182885906|0.110738255|0.0536912752|0.0218120805|0.0083892617|0.0067114094|0.0067114094|0.0033557047|0.0117449664
13800|0.1779935275|0.3333333333|0.2718446602|0.145631068|0.0517799353|0.0097087379|0.0097087379|0|0|0|0
15683|0.1578947368|0.3450292398|0.3099415205|0.1461988304|0.014619883|0.014619883|0.0116959064|0|0|0|0
155|0.202650562|0.3573225969|0.2393893642|0.1266566012|0.0389196444|0.0149303808|0.0068780406|0.0062070122|0.0031873847|0.0016775709|0.0021808421
1267|0.2630780895|0.2987111448|0.2077331312|0.126611069|0.0500379075|0.0189537528|0.0113722517|0.0098559515|0.0060652009|0.0015163002|0.0060652009
10474|0.195221287|0.3448275862|0.2609285908|0.1251696986|0.0423567744|0.0162910671|0.006244909|0.0048873201|0.0027151778|0|0.0013575889
799|0.22800947|0.3574940812|0.2063376434|0.1129120379|0.0400655618|0.0260426152|0.0081952286|0.0118375524|0.0036423238|0.0021853943|0.0032780914
3177|0.2729323308|0.3135338346|0.2210526316|0.1172932331|0.0315789474|0.0112781955|0.0067669173|0.0097744361|0.0082706767|0.0037593985|0.0037593985
899|0.3232628399|0.2447129909|0.2145015106|0.1117824773|0.0392749245|0.0332326284|0.0120845921|0.0211480363|0|0|0
16728|0.1896551724|0.4137931034|0.224137931|0.0862068966|0.0517241379|0.0344827586|0|0|0|0|0
10950|0.1538461538|0.369482976|0.2723833544|0.1500630517|0.0365699874|0.0088272383|0.0037831021|0.0025220681|0.0025220681|0|0
11983|0.1562962963|0.3681481481|0.2903703704|0.1318518519|0.0362962963|0.0103703704|0|0.0051851852|0|0|0.0014814815
15843|0.1696574225|0.3376835237|0.2936378467|0.1256117455|0.0489396411|0.0114192496|0.0032626427|0.0065252855|0|0|0.0032626427
451|0.2989247312|0.2731182796|0.2021505376|0.1139784946|0.0451612903|0.0258064516|0.0129032258|0.0086021505|0.0064516129|0.0064516129|0.0064516129
11795|0.1548117155|0.3815899582|0.2711297071|0.1179916318|0.0418410042|0.0108786611|0.0075313808|0.0066945607|0.0033472803|0|0.0041841004
3554|0.2449223417|0.2819593787|0.2341696535|0.1385902031|0.0633213859|0.0191158901|0.0059737157|0.0047789725|0.0023894863|0|0.0047789725
425|0.2384219554|0.2504288165|0.2761578045|0.1320754717|0.0531732419|0.0291595197|0.0068610635|0.0068610635|0|0|0.0068610635
6142|0.2156009374|0.3264144627|0.2286575159|0.1292266488|0.0441914965|0.0234348845|0.0100435219|0.0090391697|0.0060261132|0.0023434884|0.005021761
6717|0.163229228|0.3400117855|0.2946375958|0.1296405421|0.0383028874|0.0164997054|0.0035356511|0.0058927519|0.0041249263|0.0011785504|0.002946376
88|0.1971974522|0.3515923567|0.2440764331|0.1238216561|0.0426751592|0.0205095541|0.0064968153|0.0080254777|0.0028025478|0.0010191083|0.0017834395
1989|0.1943452381|0.3529761905|0.2369047619|0.1255952381|0.0479166667|0.0211309524|0.0104166667|0.00625|0.0023809524|0.0011904762|0.0008928571
2635|0.2322685436|0.3592311857|0.1976177585|0.099621007|0.0495397943|0.0259880888|0.0100162426|0.0143475907|0.0067677315|0.0024363833|0.0021656741
6375|0.1739130435|0.3677366924|0.2588378708|0.1170255993|0.0487606664|0.0154408777|0.0040633889|0.0024380333|0.0032507111|0.0012190167|0.0073141
8537|0.1795079751|0.3657745337|0.2484455258|0.135171668|0.0373073804|0.0197350635|0.0045958367|0.0056772101|0.0018924034|0.0013517167|0.0005406867
2294|0.2069353749|0.3393379869|0.2301283495|0.1272235983|0.0454852511|0.0294978608|0.0065300608|0.0090069804|0.0033776177|0.0011258726|0.0013510471
16614|0.2074074074|0.2740740741|0.2740740741|0.1777777778|0.0444444444|0.0222222222|0|0|0|0|0
13867|0.1899563319|0.3187772926|0.3056768559|0.1200873362|0.0349344978|0.0065502183|0.0109170306|0.0065502183|0.0065502183|0|0
73|0.2131538593|0.3382177543|0.2269551883|0.1306866587|0.0466859772|0.0216391208|0.0093712728|0.0066450843|0.0025558017|0.001533481|0.0025558017
8551|0.1530705775|0.3574702108|0.2823098075|0.1393217232|0.0458295142|0.0119156737|0.0073327223|0|0|0|0.0027497709
10091|0.182320442|0.3554327808|0.2384898711|0.1390423573|0.0478821363|0.0220994475|0.005985267|0.0055248619|0.0009208103|0.0013812155|0.0009208103
10199|0.2116788321|0.3406326034|0.2457420925|0.104622871|0.0364963504|0.0316301703|0.0097323601|0|0.00486618|0|0.0145985401
419|0.3568594696|0.2344957194|0.1641261224|0.1098350386|0.0534558363|0.0223428691|0.0158697014|0.0175401963|0.0079348507|0.0052202965|0.0123198998
7081|0.1150442478|0.3451327434|0.389380531|0.1150442478|0.0353982301|0|0|0|0|0|0
2282|0.2339008142|0.3279052554|0.2227979275|0.1354552184|0.0429311621|0.0162842339|0.0037009623|0.0088823094|0.0037009623|0.0014803849|0.0029607698
14950|0.2748948107|0.3483870968|0.1669004208|0.0765778401|0.0457223001|0.0314165498|0.0176718093|0.0157082749|0.0084151473|0.0084151473|0.0058906031
12198|0.1855072464|0.3043478261|0.2898550725|0.1323671498|0.0463768116|0.0212560386|0.0086956522|0.0048309179|0.0028985507|0.0019323671|0.0019323671
16036|0.1525423729|0.3595641646|0.2651331719|0.1440677966|0.0387409201|0.0181598063|0.0108958838|0.0084745763|0|0|0.0024213075
1802|0.2838983051|0.2881355932|0.1906779661|0.1228813559|0.0508474576|0.0211864407|0|0.0127118644|0|0|0.0296610169
595|0.1710225831|0.3291042883|0.2600862725|0.1552905354|0.0494798275|0.0200456737|0.0045673687|0.0065973103|0.0020299416|0.0010149708|0.0007612281
3470|0.1742543171|0.2872841444|0.3265306122|0.1601255887|0.0282574568|0.0141287284|0.0062794349|0|0|0|0.0031397174
6159|0.1503174278|0.3714929347|0.2707352038|0.1335244727|0.0372721687|0.0172025394|0.0059389719|0.0055293877|0.004505427|0.0012287528|0.0022527135
11759|0.2044303797|0.3367088608|0.217721519|0.1493670886|0.0436708861|0.0246835443|0.0120253165|0.0069620253|0.0018987342|0|0.0025316456
366|0.3115646259|0.2176870748|0.1959183673|0.1510204082|0.0666666667|0.0367346939|0.0081632653|0.012244898|0|0|0
10157|0.2210386152|0.3415446072|0.2223701731|0.1185086551|0.0492676431|0.016644474|0.0099866844|0.0106524634|0.0013315579|0.0039946738|0.0046604527
355|0.2543859649|0.2709551657|0.2212475634|0.149122807|0.044834308|0.0350877193|0.0116959064|0.0048732943|0.0019493177|0.0038986355|0.0019493177
17217|0.2152466368|0.2989536622|0.2197309417|0.1629297459|0.0478325859|0.0298953662|0.0044843049|0.0104633782|0.0074738416|0|0.0029895366
49|0.3376089789|0.2531315763|0.163944283|0.1101312757|0.0496041688|0.0277582924|0.0167351438|0.0191401944|0.0078164145|0.0041086281|0.0100210442
2019|0.3472222222|0.2916666667|0.1944444444|0.0972222222|0.0416666667|0.0277777778|0|0|0|0|0
6236|0.3556992724|0.2611156023|0.1535974131|0.0921584479|0.0404203719|0.0468876314|0.0169765562|0.0185933711|0.0105092967|0|0.0040420372
12142|0.1786108049|0.355016538|0.2590959206|0.1157662624|0.0385887541|0.0231532525|0.01323043|0.006615215|0.0022050717|0.0033076075|0.0044101433
8586|0.2262678804|0.3289986996|0.221716515|0.1326397919|0.0409622887|0.0234070221|0.0097529259|0.0071521456|0.0019505852|0.0045513654|0.0026007802
7382|0.1492941404|0.3656932895|0.2724811448|0.139818217|0.0357764456|0.0228195707|0.0065751305|0.0042544962|0.000966931|0.000966931|0.0013537033
12376|0.1953781513|0.3382352941|0.2400210084|0.1328781513|0.0425420168|0.0168067227|0.0099789916|0.0110294118|0.0036764706|0.0031512605|0.006302521
6243|0.1722772277|0.3207920792|0.2693069307|0.1504950495|0.0534653465|0.0158415842|0|0.0079207921|0.003960396|0|0.0059405941
10519|0.1623083859|0.3489630298|0.2750225428|0.130748422|0.0396753832|0.0225428314|0.0054102795|0.0081154193|0.0027051398|0.0018034265|0.0027051398
13890|0.1743421053|0.375|0.25|0.1019736842|0.0493421053|0.0197368421|0|0.0296052632|0|0|0
15761|0.1464968153|0.3184713376|0.3057324841|0.1656050955|0.050955414|0.0127388535|0|0|0|0|0
16693|0.1830985915|0.3098591549|0.2535211268|0.1690140845|0.0563380282|0.0281690141|0|0|0|0|0
9174|0.1605504587|0.3593272171|0.2370030581|0.1544342508|0.0504587156|0.0259938838|0.006116208|0.006116208|0|0|0
127|0.1765053129|0.3081463991|0.2638724911|0.1446280992|0.0566706021|0.025974026|0.0059031877|0.0064935065|0.0064935065|0.0041322314|0.0011806375
3521|0.2455257271|0.2824384787|0.2175615213|0.1263982103|0.0620805369|0.0268456376|0.0117449664|0.0111856823|0.0044742729|0.0039149888|0.0078299776
10704|0.1780383795|0.3379530917|0.2430703625|0.1353944563|0.0575692964|0.0330490405|0.0085287846|0.0063965885|0|0|0
4797|0.2749355116|0.2837489252|0.2031384351|0.1158641445|0.0464316423|0.0348237317|0.0146173689|0.0150472915|0.0070937231|0.0019346518|0.0023645744
287|0.26507133|0.2705936493|0.2098481362|0.1210308329|0.0497008744|0.032673723|0.0151863783|0.0128854119|0.0082834791|0.0055223194|0.0092038656
7489|0.1843971631|0.3356973995|0.2340425532|0.1796690307|0.0425531915|0.0189125296|0|0.0047281324|0|0|0
4114|0.1898535565|0.3509414226|0.2322175732|0.120292887|0.047332636|0.0251046025|0.0086297071|0.0112447699|0.0070606695|0.0026150628|0.004707113
5644|0.1779359431|0.3024911032|0.2526690391|0.1797153025|0.0533807829|0.012455516|0|0.0071174377|0.0035587189|0.0035587189|0.0071174377
15855|0.1314741036|0.3406374502|0.2679282869|0.1932270916|0.0398406375|0.014940239|0.0099601594|0.0019920319|0|0|0
16595|0.4333333333|0.2|0.1333333333|0.1666666667|0.0666666667|0|0|0|0|0|0
2324|0.237012987|0.2788149351|0.2175324675|0.1456980519|0.0568181818|0.0332792208|0.0109577922|0.0105519481|0.0044642857|0.0024350649|0.0024350649
10855|0.1804733728|0.3313609467|0.2337278107|0.1331360947|0.0798816568|0.0147928994|0.0118343195|0.0088757396|0|0|0.0059171598
12221|0.1604938272|0.3333333333|0.3086419753|0.0987654321|0.0740740741|0|0|0|0|0|0.024691358
10172|0.1758373206|0.3349282297|0.2583732057|0.1387559809|0.0406698565|0.0155502392|0.0119617225|0.0083732057|0.0035885167|0|0.0119617225
13799|0.126344086|0.314516129|0.314516129|0.1747311828|0.0510752688|0.0107526882|0.0080645161|0|0|0|0
465|0.2376554174|0.2701598579|0.2163410302|0.1507992895|0.0621669627|0.0309058615|0.0103019538|0.0134991119|0.0031971581|0.0024866785|0.0024866785
2026|0.1803713528|0.299071618|0.25|0.1690981432|0.0603448276|0.0291777188|0.0033156499|0.0026525199|0.0033156499|0|0.0026525199
14850|0.2744360902|0.2406015038|0.1973684211|0.1635338346|0.0639097744|0.0169172932|0.0206766917|0.0131578947|0.0093984962|0|0
855|0.1744284505|0.2967823878|0.2540220152|0.16638442|0.0609652837|0.0292125318|0.0067739204|0.0080440305|0.0016934801|0|0.0016934801
7468|0.1547851563|0.3330078125|0.2778320313|0.146484375|0.0498046875|0.0219726563|0.0073242188|0.0053710938|0.0024414063|0.0009765625|0
17645|0.1049382716|0.3950617284|0.3148148148|0.0987654321|0.0432098765|0.0308641975|0.012345679|0|0|0|0
9700|0.2671568627|0.2941176471|0.1715686275|0.1397058824|0.0612745098|0.0245098039|0.0098039216|0.0171568627|0.0098039216|0.0049019608|0
14975|0.1604651163|0.3395348837|0.2348837209|0.1488372093|0.0697674419|0.0255813953|0.0093023256|0.0046511628|0.0069767442|0|0
3469|0.1544117647|0.2867647059|0.3051470588|0.1801470588|0.0533088235|0.0110294118|0|0|0|0.0036764706|0.0055147059
16648|0.08|0.35|0.36|0.16|0.035|0.015|0|0|0|0|0
3433|0.1760154739|0.3152804642|0.2437137331|0.164410058|0.0522243714|0.0232108317|0.0077369439|0.003868472|0.003868472|0|0.0096711799
220|0.1575289575|0.3003861004|0.2795366795|0.183011583|0.0525096525|0.0138996139|0.0061776062|0.0030888031|0.0038610039|0|0
154|0.240776699|0.2310679612|0.2174757282|0.186407767|0.0640776699|0.0291262136|0.0097087379|0.0058252427|0.0058252427|0|0.0097087379
8455|0.1257509011|0.3588305967|0.2807368843|0.1533840609|0.0476571886|0.0188225871|0.0056067281|0.0048057669|0.0032038446|0|0.0012014417
8190|0.1759379043|0.3406640793|0.2531263476|0.1302285468|0.0530401035|0.0194049159|0.0077619664|0.0094868478|0.0034497628|0.0030185425|0.0038809832
493|0.2521489971|0.229226361|0.2435530086|0.1575931232|0.0630372493|0.0343839542|0.0143266476|0.005730659|0|0|0
16031|0.1836734694|0.2857142857|0.3673469388|0.1632653061|0|0|0|0|0|0|0
1800|0.2117647059|0.2705882353|0.2941176471|0.1411764706|0.0352941176|0|0.0235294118|0.0235294118|0|0|0
15017|0.0902527076|0.3628158845|0.3231046931|0.1498194946|0.0451263538|0.0162454874|0.0036101083|0.0036101083|0.0054151625|0|0
1381|0.3317132442|0.212636695|0.1968408262|0.1130012151|0.0534629405|0.0364520049|0.0157958688|0.0097205346|0.0121506683|0.007290401|0.0109356015
2130|0.2526315789|0.2947368421|0.2105263158|0.1684210526|0.0736842105|0|0|0|0|0|0
14363|0.218328841|0.2884097035|0.2237196765|0.1374663073|0.064690027|0.0215633423|0.0188679245|0.0107816712|0.0053908356|0.0053908356|0.0053908356
14364|0.2344139651|0.2817955112|0.2194513716|0.1371571072|0.0548628429|0.0199501247|0.0174563591|0.0099750623|0.0124688279|0.0074812968|0.0049875312
466|0.214953271|0.266779949|0.2412914189|0.152931181|0.0637213254|0.0271877655|0.0101954121|0.0101954121|0.0059473237|0.0033984707|0.0033984707
11282|0.0928355197|0.3592330979|0.316851665|0.1523713421|0.0464177598|0.0161453078|0.0050454087|0.0070635721|0.0020181635|0|0.0020181635
3396|0.1676866585|0.3170134639|0.2545899633|0.1578947368|0.064871481|0.0183598531|0.006119951|0.0073439412|0.0024479804|0.0036719706|0
11212|0.1103955842|0.3238270469|0.2934682613|0.1922723091|0.0579576817|0.013799448|0.0027598896|0.0036798528|0|0|0.0018399264
448|0.1752951862|0.2924613987|0.2606721163|0.1698455949|0.0563124432|0.0227066303|0.0081743869|0.0072661217|0.0036330609|0.0018165304|0.0018165304
11197|0.1381642512|0.3323671498|0.3014492754|0.122705314|0.0685990338|0.0241545894|0.0057971014|0.0028985507|0.0019323671|0|0.0019323671
775|0.2499173554|0.2624793388|0.2105785124|0.1371900826|0.0598347107|0.0366942149|0.0152066116|0.0125619835|0.0069421488|0.0033057851|0.0052892562
912|0.2147344375|0.2689891491|0.2507138778|0.1427755568|0.0593946316|0.0314106225|0.0085665334|0.0119931468|0.0045688178|0.0011422045|0.0057110223
7454|0.264565775|0.3078050568|0.170392085|0.069989007|0.0806156101|0.0362770246|0.032246244|0.0201539025|0.0106266032|0.0043972151|0.0029314767
2680|0.2006578947|0.2302631579|0.2861842105|0.2203947368|0.0361842105|0.0197368421|0|0|0|0.0065789474|0
14858|0.1941923775|0.3157894737|0.2177858439|0.1488203267|0.0526315789|0.0290381125|0.0108892922|0.0145190563|0.0072595281|0|0.0090744102
3127|0.1536326942|0.3400605449|0.251765893|0.1442986882|0.0575176589|0.0257315843|0.0108476287|0.0100908174|0.0022704339|0.001765893|0.0020181635
2683|0.1546052632|0.2828947368|0.3190789474|0.1611842105|0.0526315789|0.0197368421|0.0098684211|0|0|0|0
2682|0.1887417219|0.2516556291|0.2649006623|0.1920529801|0.0662251656|0.0066225166|0.0066225166|0.0066225166|0.0099337748|0|0.0066225166
15118|0.1071060762|0.3676622039|0.2749742533|0.157569516|0.0463439753|0.0257466529|0.0102986612|0.0082389289|0.0020597322|0|0
872|0.2907142857|0.2257142857|0.2007142857|0.1307142857|0.075|0.0307142857|0.0192857143|0.0114285714|0.0071428571|0.0042857143|0.0042857143
16309|0.0423728814|0.3559322034|0.3728813559|0.1779661017|0.0508474576|0|0|0|0|0|0
7868|0.1798365123|0.3160762943|0.2370572207|0.1471389646|0.0626702997|0.029972752|0|0.0108991826|0.0054495913|0|0.0108991826
7767|0.1796592669|0.298399587|0.2643262777|0.1548786784|0.0500774393|0.0258131131|0.0113577697|0.0082601962|0.0025813113|0.0015487868|0.0030975736
11716|0.2162162162|0.2432432432|0.2702702703|0.2162162162|0.0540540541|0|0|0|0|0|0
2681|0.1914893617|0.2482269504|0.2659574468|0.2127659574|0.0602836879|0.0212765957|0|0|0|0|0
10166|0.111738149|0.3442437923|0.2979683973|0.1546275395|0.0519187359|0.0214446953|0.006772009|0.0056433409|0.0033860045|0|0.0022573363
11227|0.1188118812|0.2871287129|0.3861386139|0.1435643564|0.0495049505|0|0|0.0148514851|0|0|0
619|0.3371428571|0.2457142857|0.1685714286|0.1|0.0457142857|0.0285714286|0.0142857143|0.02|0.0114285714|0.0085714286|0.02
277|0.297673331|0.2615456565|0.1775985034|0.1122413188|0.0528469543|0.0350754121|0.0167192798|0.0188238045|0.0119256401|0.0063135742|0.0092365252
4168|0.1215547703|0.3303886926|0.3003533569|0.1469964664|0.0540636042|0.0201413428|0.009540636|0.0098939929|0.0024734982|0.0014134276|0.003180212
5838|0.1137440758|0.3317535545|0.2654028436|0.1943127962|0.0616113744|0.0236966825|0|0.009478673|0|0|0
2131|0.325|0.2|0.15|0.225|0.1|0|0|0|0|0|0
659|0.2159090909|0.2642045455|0.2414772727|0.15625|0.0696022727|0.0284090909|0.0142045455|0.0056818182|0|0.0042613636|0
7985|0.0851233095|0.3492442323|0.3054892601|0.1678599841|0.062052506|0.0175019889|0.0047732697|0.0047732697|0.0015910899|0|0.0015910899
16347|0.0571428571|0.3428571429|0.4571428571|0.1428571429|0|0|0|0|0|0|0
14195|0.1577253219|0.3331545064|0.2403433476|0.1432403433|0.0584763948|0.0300429185|0.0134120172|0.0075107296|0.0064377682|0.0048283262|0.0048283262
15249|0.2191780822|0.2191780822|0.2671232877|0.2123287671|0.0616438356|0.0205479452|0|0|0|0|0
10056|0.179245283|0.3066037736|0.2169811321|0.1981132075|0.070754717|0.0188679245|0|0.0094339623|0|0|0
8803|0.1831153389|0.2853745541|0.2675386445|0.1510107015|0.0523186683|0.0344827586|0.0130796671|0.0059453032|0.0023781213|0.0023781213|0.0023781213
6425|0.183908046|0.2959770115|0.2298850575|0.1781609195|0.0488505747|0.0296934866|0.0114942529|0.0105363985|0.0086206897|0|0.0028735632
16655|0.1103896104|0.2597402597|0.4025974026|0.1818181818|0.0454545455|0|0|0|0|0|0
7028|0.1647081487|0.3311500674|0.2494702369|0.1464072433|0.0547100751|0.0233095743|0.0127143132|0.0092467733|0.0040454633|0.00173377|0.0025043344
12998|0.2158438576|0.2824339839|0.2307692308|0.1216991963|0.0677382319|0.03673938|0.0206659013|0.009184845|0.0068886338|0.0045924225|0.0034443169
1797|0.2922636103|0.2034383954|0.2521489971|0.1547277937|0.0401146132|0.0343839542|0.0114613181|0.0114613181|0|0|0
6075|0.1774891775|0.29004329|0.2424242424|0.1774891775|0.0606060606|0.0346320346|0.0086580087|0|0|0|0.0086580087
12307|0.1136363636|0.3011363636|0.2992424242|0.196969697|0.053030303|0.0246212121|0.0075757576|0.0037878788|0|0|0
15542|0.1556886228|0.2634730539|0.3113772455|0.2095808383|0.0479041916|0|0.0119760479|0|0|0|0
16826|0.0833333333|0.3333333333|0.3125|0.2708333333|0|0|0|0|0|0|0
348|0.1864164148|0.3026880865|0.2347701606|0.1522188643|0.0625099411|0.0289486241|0.0097025608|0.0117703197|0.0057261015|0.0020677589|0.0031811675
16840|0.2283018868|0.2858490566|0.2179245283|0.1179245283|0.0424528302|0.0311320755|0.0235849057|0.0150943396|0.0132075472|0.0160377358|0.008490566
9070|0.133716375|0.3319404544|0.2953773831|0.1355445286|0.0511882998|0.0268999739|0.010185427|0.0078349438|0.0041786367|0.0018281536|0.001305824
4506|0.1566951567|0.311965812|0.2621082621|0.1552706553|0.0598290598|0.0256410256|0.0142450142|0.0113960114|0|0.0028490028|0
6134|0.2537577365|0.2855879752|0.1929708223|0.091954023|0.066755084|0.0435455349|0.0269672856|0.0172413793|0.0090627763|0.0066312997|0.0055260831
844|0.1338947368|0.3278596491|0.2783157895|0.1548070175|0.0599298246|0.0227368421|0.0084210526|0.0082807018|0.0037894737|0.0007017544|0.0012631579
14258|0.14|0.3266666667|0.2666666667|0.1666666667|0.08|0.02|0|0|0|0|0
669|0.2552083333|0.2604166667|0.171875|0.1536458333|0.0677083333|0.0286458333|0.0286458333|0.015625|0.0104166667|0.0078125|0
2024|0.1238738739|0.2995495495|0.2972972973|0.1689189189|0.0720720721|0.0225225225|0.0045045045|0.0067567568|0|0|0.0045045045
327|0.2347826087|0.2591304348|0.2139130435|0.1547826087|0.0660869565|0.0260869565|0.0173913043|0.0173913043|0.0034782609|0|0.0069565217
192|0.1621428571|0.2921428571|0.2707142857|0.1546428571|0.0535714286|0.0264285714|0.0139285714|0.0132142857|0.0064285714|0.0032142857|0.0035714286
10207|0.1173594132|0.2750611247|0.3312958435|0.1900977995|0.0611246944|0.0134474328|0.0048899756|0.0042787286|0.0024449878|0|0
939|0.1727078891|0.276119403|0.2462686567|0.1801705757|0.0671641791|0.0287846482|0.0181236674|0.0085287846|0|0.0021321962|0
10952|0.1398891967|0.296398892|0.2825484765|0.1772853186|0.0609418283|0.0207756233|0.0096952909|0.0096952909|0.0027700831|0|0
11396|0.1339031339|0.2478632479|0.3475783476|0.1737891738|0.0769230769|0.0142450142|0|0|0|0|0.0056980057
15205|0.0966183575|0.3188405797|0.2946859903|0.1859903382|0.0628019324|0.0241545894|0.0072463768|0.0048309179|0|0|0.0048309179
15973|0.1023890785|0.2662116041|0.385665529|0.156996587|0.0682593857|0.0204778157|0|0|0|0|0
5770|0.1577437859|0.3001912046|0.2629063098|0.1653919694|0.0611854685|0.0248565966|0.0057361377|0.0057361377|0.0019120459|0.0066921606|0.0076481836
10052|0.1265669228|0.3121714517|0.2959967651|0.1633643348|0.0505458957|0.0230489284|0.0101091791|0.0109179135|0.0032349373|0.0008087343|0.0032349373
4363|0.2879499218|0.2222222222|0.1987480438|0.1392801252|0.0453834116|0.0266040689|0.0187793427|0.0219092332|0.0156494523|0.0109546166|0.0125195618
10947|0.1570374923|0.3309772588|0.2430854333|0.1465888138|0.0485556238|0.0353411186|0.0104486785|0.0089121082|0.0064535956|0.0052243393|0.0073755378
240|0.1785450062|0.2799013564|0.2500616523|0.1598027127|0.065351418|0.0337854501|0.0125770654|0.0115906289|0.0046855734|0.0024660912|0.0012330456
1823|0.1666666667|0.3888888889|0.2222222222|0.1222222222|0.0222222222|0.0333333333|0|0|0|0.0222222222|0.0222222222
819|0.1061565017|0.3239355581|0.2871116226|0.1731875719|0.0604142693|0.0267548907|0.0092059839|0.0089182969|0.003452244|0|0.000863061
16342|0.0742358079|0.3362445415|0.3187772926|0.2052401747|0.03930131|0.0262008734|0|0|0|0|0
879|0.1479289941|0.2840236686|0.2465483235|0.201183432|0.067061144|0.0295857988|0.0078895464|0.0098619329|0.0059171598|0|0
16232|0.0961538462|0.3269230769|0.2692307692|0.2692307692|0.0384615385|0|0|0|0|0|0
16825|0.1223021583|0.3165467626|0.2925659472|0.1582733813|0.0599520384|0.0143884892|0.0167865707|0.0143884892|0.0047961631|0|0
8550|0.1771771772|0.2492492492|0.2987987988|0.1696696697|0.0600600601|0.0165165165|0.0135135135|0.0075075075|0.0045045045|0|0.003003003
342|0.1558704453|0.2995951417|0.2388663968|0.1619433198|0.0870445344|0.0303643725|0.0141700405|0.012145749|0|0|0
6488|0.2678571429|0.1964285714|0.2857142857|0.1607142857|0.0535714286|0|0.0357142857|0|0|0|0
10224|0.1301204819|0.3301204819|0.2481927711|0.1710843373|0.065060241|0.0385542169|0.0072289157|0.0048192771|0|0|0.0048192771
7421|0.119047619|0.3079365079|0.3031746032|0.1698412698|0.0555555556|0.0238095238|0.0063492063|0.0063492063|0.0031746032|0|0.0047619048
6200|0.169829222|0.3225806452|0.2239089184|0.1537001898|0.0626185958|0.0351043643|0.0161290323|0.0104364326|0.0028462998|0|0.0028462998
10584|0.1512455516|0.3149466192|0.243772242|0.1690391459|0.0711743772|0.0231316726|0.0142348754|0.0071174377|0.0053380783|0|0
14|0.1559633028|0.2886850153|0.2629969419|0.1688073394|0.0611620795|0.0281345566|0.0079510703|0.0152905199|0.0036697248|0.003058104|0.0042813456
311|0.1650803093|0.2986317668|0.251933373|0.1552647234|0.0684116597|0.0330160619|0.010707912|0.008328376|0.00446163|0.00148721|0.002676978
16154|0.1094736842|0.3115789474|0.2736842105|0.1978947368|0.0505263158|0.0378947368|0.0063157895|0.0084210526|0.0042105263|0|0
6072|0.164556962|0.2911392405|0.2341772152|0.1962025316|0.0759493671|0.0126582278|0.0126582278|0|0|0|0.0126582278
14781|0.1439393939|0.2924242424|0.2575757576|0.1893939394|0.0560606061|0.0363636364|0.0151515152|0.003030303|0|0.003030303|0.003030303
647|0.2251308901|0.2172774869|0.2251308901|0.1753926702|0.0994764398|0.0209424084|0.0078534031|0.0104712042|0.0130890052|0|0.0052356021
11200|0.2237354086|0.2782101167|0.186770428|0.1381322957|0.0622568093|0.046692607|0.0311284047|0.0097276265|0.0097276265|0.0097276265|0.0038910506
7510|0.2042139384|0.265802269|0.2463533225|0.1377633712|0.0599675851|0.0291734198|0.0162074554|0.0226904376|0.0081037277|0.0048622366|0.0048622366
6909|0.0877358491|0.2764150943|0.3443396226|0.2066037736|0.0669811321|0.0113207547|0.0066037736|0|0|0|0
11207|0.2040816327|0.193877551|0.2959183673|0.2346938776|0.0714285714|0|0|0|0|0|0
16278|0.1282051282|0.2564102564|0.3333333333|0.1923076923|0.0641025641|0.0256410256|0|0|0|0|0
